    0    0    0    0    0    0    0    0    0    0
 1287 1287    0    0    0    0    0    0    0    0
  495 1287  792    0    0    0    0    0    0    0
  165  495  792  462    0    0    0    0    0    0
   45  165  330  462  252    0    0    0    0    0
    9   45  120  210  252  126    0    0    0    0
    1    9   36   84  126  126   56    0    0    0
    0    1    8   28   56   70   56   21    0    0
    0    0    1    7   21   35   35   21    6    0
    0    0    0    1    6   15   20   15    6    1
    0    0    0    0    1    5   10   10    5    1
    0    0    0    0    0    1    4    6    4    1
    0    0    0    0    0    0    1    3    3    1
    0    0    0    0    0    0    0    1    2    1
    0    0    0    0    0    0    0    0    1    1
    0    0    0    0    0    0    0    0    0    1
